65
40
87
31
38
9
98
29
74
81
81
14
25
66
35
53
24
5
89
89
65
33
28
57
44
57
96
46
38
61
55
0
69
97
88
92
10
39
75
80
49
96
67
3
97
14
60
87
23
39
81
89
18
69
5
2
6
67
21
28
14
21
71
6
66
10
19
1
1
8
87
2
38
0
69
29
69
24
31
85
43
26
63
17
2
97
73
46
66
82
1
55
95
14
74
81
13
29
29
75
3
48
26
96
13
22
82
10
29
37
77
81
97
100
98
40
79
32
13
40
59
58
66
82
80
79
63
28
65
10
86
9
11
67
31
1
38
35
28
20
54
6
7
32
67
1
12
30
3
34
34
49
60
94
71
44
89
25
96
38
91
67
31
50
0
67
42
28
8
98
23
18
88
8
19
22
28
19
2
9
43
1
80
50
94
78
89
83
77
65
23
42
60
61
93
16
58
50
95
98
41
77
90
96
0
88
54
90
19
12
91
81
57
31
1
28
32
20
46
65
27
87
76
75
67
29
78
92
43
92
3
26
36
61
62
11
6
50
55
54
16
52
9
97
4
50
47
16
64
43
42
13
35
5
67
78
6
90
94
32
39
40
90
95
73
98
18
26
32
26
68
23
78
100
4
57
78
86
58
24
17
74
24
100
63
98
51
46
14
88
62
44
74
90
75
59
10
34
66
74
47
91
1
17
92
53
10
15
31
18
54
45
6
71
74
28
2
98
26
40
1
86
49
0
48
10
4
23
65
31
68
37
53
70
37
42
84
90
9
1
26
94
35
14
37
88
43
53
95
83
90
68
59
21
55
25
15
68
32
8
26
11
43
90
8
65
81
67
14
18
3
71
25
91
66
18
67
76
22
76
95
13
22
24
79
19
40
87
65
53
92
2
86
26
87
20
63
82
14
52
21
65
90
61
12
4
71
36
34
91
92
70
82
7
83
41
0
42
18
73
51
93
59
4
15
49
88
36
71
31
2
86
28
27
74
72
48
9
70
50
80
8
70
28
1
87
59
49
33
100
33
31
53
76
46
63
74
55
5
97
20
67
0
55
35
59
29
55
85
3
0
0
46
12
43
32
6
48
68
71
74
99
90
88
28
20
10
3
94
13
45
11
51
19
37
47
12
94
42
78
29
36
77
21
32
5
30
35
90
21
83
39
69
37
2
55
89
69
100
86
100
7
87
61
52
72
12
16
25
28
53
91
24
13
94
14
84
71
56
85
51
78
97
52
0
62
7
30
7
60
13
43
47
18
60
51
10
87
45
69
59
84
30
28
66
79
21
42
51
17
94
61
55
29
76
46
22
93
24
12
66
59
99
100
72
97
8
76
59
56
94
39
81
12
60
1
32
8
14
4
34
85
45
8
82
4
69
94
92
95
30
49
63
57
93
64
87
52
11
7
4
62
52
43
88
54
70
91
74
17
61
56
64
73
79
71
74
7
26
88
48
77
93
52
77
81
31
46
55
17
5
50
66
39
99
6
50
21
8
61
69
29
26
12
79
8
25
100
28
48
48
61
49
26
36
17
11
62
44
89
46
63
83
76
68
92
84
90
10
93
34
79
31
46
80
72
16
74
7
96
81
47
97
24
89
98
74
87
97
97
64
61
46
9
41
99
13
24
34
77
84
12
75
30
56
32
40
5
71
51
21
69
7
95
13
5
79
58
43
58
85
75
6
87
61
39
81
74
50
33
29
98
86
91
14
56
66
13
94
6
50
41
50
30
94
63
86
84
87
32
9
41
21
42
21
73
18
53
84
68
84
84
50
87
89
48
91
75
65
30
35
57
10
74
13
63
18
82
98
27
86
74
48
2
18
95
98
23
22
29
89
29
74
57
75
0
47
38
53
15
24
26
61
98
17
34
22
41
69
47
5
70
73
60
53
23
53
93
72
66
52
18
57
89
42
100
90
2
59
18
38
36
9
15
12
93
85
67
33
68
78
24
30
99
97
37
76
12
90
93
82
76
57
76
25
52
98
45
10
69
72
66
76
25
49
71
30
84
34
16
62
74
30
89
21
62
43
2
19
29
98
30
41
50
87
84
22
42
100
7
79
37
99
78
82
80
45
52
22
28
52
88
52
31
95
11
76
13
80
67
47
90
44
40
25
60
2
91
20
89
25
87
13
58
2
29
30
9
11
16
65
35
21
50
30
44
40
78
82
22
35
100
22
35
39
49
6
77
35
72
38
28
22
13
36
100
12
29
7
46
88
41
8
19
69
16
14
4
20
34
94
22
94
11
4
41
97
82
59
81
